10.0934 -1.44515 0.5 -177.872
10.0441 -1.42202 0.5 -177.904
9.9948 -1.3989 0.5 -177.884
9.94549 -1.37578 0.5 -176.412
9.89617 -1.35266 0.5 -177.187
9.84686 -1.32953 0.5 -176.951
9.79754 -1.30641 0.5 -174.875
9.74823 -1.28329 0.5 -176.6
9.69891 -1.26017 0.5 -175.161
9.64959 -1.23704 0.5 -175.783
9.60028 -1.21392 0.5 -175.717
9.55096 -1.1908 0.5 -175.47
9.50165 -1.16768 0.5 -173.608
9.45233 -1.14455 0.5 -173.593
9.40302 -1.12143 0.5 -173.955
9.3537 -1.09831 0.5 -172.662
9.30439 -1.07519 0.5 -172.542
9.25507 -1.05207 0.5 -172.848
9.20575 -1.02894 0.5 -171.737
9.15644 -1.00582 0.5 -170.845
9.10712 -0.982699 0.5 -172.707
9.05781 -0.959576 0.5 -171.319
9.00849 -0.936454 0.5 -171.629
8.95918 -0.913332 0.5 -169.693
8.90986 -0.890209 0.5 -168.501
8.86055 -0.867087 0.5 -167.561
8.81123 -0.843965 0.5 -168.102
8.76191 -0.820842 0.5 -166.859
8.7126 -0.79772 0.5 -169.517
8.66328 -0.774598 0.5 -168.245
8.61397 -0.751475 0.5 -163.472
8.56465 -0.728353 0.5 -164.585
8.51534 -0.705231 0.5 -165.152
8.46602 -0.682108 0.5 -168.993
8.41671 -0.658986 0.5 -164.43
8.36739 -0.635864 0.5 -161.522
8.31807 -0.612741 0.5 -166.864
8.26876 -0.589619 0.5 -163.049
8.21944 -0.566497 0.5 -167.161
8.17013 -0.543374 0.5 -159.979
8.12081 -0.520252 0.5 -158.675
8.0715 -0.49713 0.5 -165.148
8.02218 -0.474008 0.5 -156.498
7.97287 -0.450885 0.5 -160.39
7.92355 -0.427763 0.5 -158.442
7.87423 -0.404641 0.5 -161.611
7.82492 -0.381518 0.5 -161.899
7.7756 -0.358396 0.5 -160.853
7.72629 -0.335274 0.5 -155.404
7.67697 -0.312151 0.5 -153.446
7.62766 -0.289029 0.5 -161.628
7.57834 -0.265907 0.5 -150.798
7.52903 -0.242784 0.5 -158.204
7.47971 -0.219662 0.5 -157.578
7.43039 -0.19654 0.5 -154.255
7.38108 -0.173417 0.5 -158.81
7.33176 -0.150295 0.5 -157.61
7.28245 -0.127173 0.5 -156.032
7.23313 -0.10405 0.5 -147.31
7.18382 -0.0809281 0.5 -152.833
7.1345 -0.0578057 0.5 -148.432
7.08519 -0.0346834 0.5 -145.272
7.03587 -0.0115611 0.5 -152.927
6.98655 0.0115612 0.5 -150.479
6.93724 0.0346835 0.5 -142.928
6.88792 0.0578059 0.5 -154.354
6.83861 0.0809282 0.5 -149.475
6.78929 0.104051 0.5 -151.926
6.73998 0.127173 0.5 -144.221
6.69066 0.150295 0.5 -147.382
6.64135 0.173417 0.5 -151.429
6.59203 0.19654 0.5 -143.238
6.54271 0.219662 0.5 -143.198
6.4934 0.242784 0.5 -149.559
6.44408 0.265907 0.5 -146.183
6.39477 0.289029 0.5 -144.427
6.34545 0.312151 0.5 -142.886
6.29614 0.335274 0.5 -140.065
6.24682 0.358396 0.5 -136.923
6.19751 0.381518 0.5 -143.148
6.14819 0.404641 0.5 -139.189
6.09887 0.427763 0.5 -133.31
6.04956 0.450885 0.5 -141.048
6.00024 0.474008 0.5 -130.989
5.95093 0.49713 0.5 -140.228
5.90161 0.520252 0.5 -129.296
5.8523 0.543375 0.5 -126.433
5.80298 0.566497 0.5 -135.246
5.75367 0.589619 0.5 -137.299
5.70435 0.612742 0.5 -125.612
5.65503 0.635864 0.5 -125.166
5.60572 0.658986 0.5 -123.337
5.5564 0.682109 0.5 -124.717
5.50709 0.705231 0.5 -132.825
5.45777 0.728353 0.5 -129.112
5.40846 0.751476 0.5 -123.514
5.35914 0.774598 0.5 -130.168
5.30983 0.79772 0.5 -120.594
5.26051 0.820842 0.5 -119.004
5.21119 0.843965 0.5 -117.874
5.16188 0.867087 0.5 -126.404
5.11256 0.890209 0.5 -116.653
5.06325 0.913332 0.5 -121.15
5.01393 0.936454 0.5 -116.199
4.96462 0.959576 0.5 -114.375
4.9153 0.982699 0.5 -115.421
4.86599 1.00582 0.5 -122.414
4.81667 1.02894 0.5 -119.926
4.76735 1.05207 0.5 -118.844
4.71804 1.07519 0.5 -111.486
4.66872 1.09831 0.5 -114.955
4.61941 1.12143 0.5 -111.095
4.57009 1.14455 0.5 -112.025
4.52078 1.16768 0.5 -110.296
4.47146 1.1908 0.5 -110.926
4.42215 1.21392 0.5 -108.147
4.37283 1.23704 0.5 -109.884
4.32351 1.26017 0.5 -109.205
4.2742 1.28329 0.5 -112.215
4.22488 1.30641 0.5 -106.294
4.17557 1.32953 0.5 -108.133
4.12625 1.35266 0.5 -110.882
4.07694 1.37578 0.5 -104.963
4.02762 1.3989 0.5 -107.5
3.97831 1.42202 0.5 -106.879
-0.948377 -5.23865 0.5 51.0449
-0.860043 -5.2083 0.5 50.6152
-0.771708 -5.17796 0.5 57.0373
-0.683374 -5.14761 0.5 50.5614
-0.595039 -5.11726 0.5 64.3245
-0.506705 -5.08691 0.5 57.4146
-0.41837 -5.05656 0.5 55.3372
-0.330036 -5.02622 0.5 64.3335
-0.241701 -4.99587 0.5 53.4711
-0.153367 -4.96552 0.5 55.2161
-0.0650325 -4.93517 0.5 64.7928
0.023302 -4.90482 0.5 65.3182
0.111636 -4.87447 0.5 59.3382
0.199971 -4.84413 0.5 58.2203
0.288305 -4.81378 0.5 59.1769
0.37664 -4.78343 0.5 60.1728
0.464974 -4.75308 0.5 66.8275
0.553309 -4.72273 0.5 59.4812
0.641643 -4.69239 0.5 70.2421
0.729978 -4.66204 0.5 66.2959
0.818312 -4.63169 0.5 68.9169
0.906647 -4.60134 0.5 70.5537
0.994981 -4.57099 0.5 64.9033
1.08332 -4.54065 0.5 67.4435
1.17165 -4.5103 0.5 65.5119
1.25998 -4.47995 0.5 75.077
1.34832 -4.4496 0.5 74.8502
1.43665 -4.41925 0.5 69.5681
1.52499 -4.38891 0.5 75.0804
1.61332 -4.35856 0.5 72.2085
1.70166 -4.32821 0.5 75.2221
1.78999 -4.29786 0.5 78.9426
1.87833 -4.26751 0.5 76.3249
1.96666 -4.23717 0.5 81.6557
2.055 -4.20682 0.5 81.7527
2.14333 -4.17647 0.5 80.1021
2.23166 -4.14612 0.5 82.3032
2.32 -4.11577 0.5 82.453
2.40833 -4.08543 0.5 84.1074
2.49667 -4.05508 0.5 86.3218
2.585 -4.02473 0.5 87.4087
2.67334 -3.99438 0.5 89.3487
2.76167 -3.96403 0.5 90.6334
2.85001 -3.93369 0.5 92.0013
2.93834 -3.90334 0.5 94.2266
3.02667 -3.87299 0.5 95.0886
3.11501 -3.84264 0.5 95.7411
3.20334 -3.81229 0.5 96.675
3.29168 -3.78194 0.5 99.7677
3.38001 -3.7516 0.5 100.485
3.46835 -3.72125 0.5 104.001
3.55668 -3.6909 0.5 107.074
3.64502 -3.66055 0.5 107.048
3.73335 -3.6302 0.5 108.107
3.82169 -3.59986 0.5 109.854
3.91002 -3.56951 0.5 112.32
3.99835 -3.53916 0.5 113.995
4.08669 -3.50881 0.5 117.007
4.17502 -3.47846 0.5 116.26
4.26336 -3.44812 0.5 123.416
4.35169 -3.41777 0.5 120.262
4.44003 -3.38742 0.5 128.799
4.52836 -3.35707 0.5 131.157
4.6167 -3.32672 0.5 121.484
4.70503 -3.29638 0.5 134.529
4.79336 -3.26603 0.5 124.574
4.8817 -3.23568 0.5 137.465
4.97003 -3.20533 0.5 133.532
5.05837 -3.17498 0.5 127.42
5.1467 -3.14464 0.5 140.52
5.23504 -3.11429 0.5 145.021
5.32337 -3.08394 0.5 144.082
5.41171 -3.05359 0.5 145.288
5.50004 -3.02324 0.5 145.561
5.58838 -2.9929 0.5 140.455
5.67671 -2.96255 0.5 147.543
5.76504 -2.9322 0.5 142.066
5.85338 -2.90185 0.5 147.971
5.94171 -2.8715 0.5 152.653
6.03005 -2.84116 0.5 152.557
6.11838 -2.81081 0.5 155.153
6.20672 -2.78046 0.5 151.201
6.29505 -2.75011 0.5 153.158
6.38339 -2.71976 0.5 152.869
6.47172 -2.68941 0.5 159.375
6.56005 -2.65907 0.5 160.789
6.64839 -2.62872 0.5 161.36
6.73672 -2.59837 0.5 157.103
6.82506 -2.56802 0.5 159.928
6.91339 -2.53767 0.5 158.004
7.00173 -2.50733 0.5 157.853
7.09006 -2.47698 0.5 165.829
7.1784 -2.44663 0.5 160.329
7.26673 -2.41628 0.5 168.377
7.35506 -2.38593 0.5 168.724
7.4434 -2.35559 0.5 169.641
7.53173 -2.32524 0.5 165.006
7.62007 -2.29489 0.5 170.155
7.7084 -2.26454 0.5 169.092
7.79674 -2.23419 0.5 167.731
7.88507 -2.20385 0.5 170.902
7.97341 -2.1735 0.5 171.058
8.06174 -2.14315 0.5 173.312
8.15008 -2.1128 0.5 171.724
8.23841 -2.08245 0.5 171.406
8.32674 -2.05211 0.5 172.198
8.41508 -2.02176 0.5 175.205
8.50341 -1.99141 0.5 173.977
8.59175 -1.96106 0.5 175.384
8.68008 -1.93071 0.5 175.981
8.76842 -1.90037 0.5 176.782
8.85675 -1.87002 0.5 176.278
8.94509 -1.83967 0.5 177.634
9.03342 -1.80932 0.5 177.132
9.12175 -1.77897 0.5 178.03
9.21009 -1.74863 0.5 178.528
9.29842 -1.71828 0.5 178.402
9.38676 -1.68793 0.5 179.116
9.47509 -1.65758 0.5 179.667
9.56343 -1.62723 0.5 179.981
9.65176 -1.59689 0.5 -179.628
9.7401 -1.56654 0.5 -179.408
9.82843 -1.53619 0.5 -178.701
9.91677 -1.50584 0.5 -178.551
10.0051 -1.47549 0.5 -178.548
-2.16772 -1.2645 0.5 -7.93107
-2.15796 -1.2963 0.5 -5.87245
-2.14821 -1.32809 0.5 -6.85636
-2.13845 -1.35988 0.5 -3.82383
-2.1287 -1.39168 0.5 -3.36056
-2.11894 -1.42347 0.5 -4.26643
-2.10919 -1.45526 0.5 -3.02399
-2.09944 -1.48706 0.5 -2.59376
-2.08968 -1.51885 0.5 -2.3691
-2.07993 -1.55064 0.5 -1.14116
-2.07017 -1.58244 0.5 -0.758342
-2.06042 -1.61423 0.5 -0.233621
-2.05066 -1.64602 0.5 0.317345
-2.04091 -1.67781 0.5 0.798793
-2.03115 -1.70961 0.5 1.26121
-2.0214 -1.7414 0.5 2.16668
-2.01164 -1.77319 0.5 2.40397
-2.00189 -1.80499 0.5 3.8533
-1.99213 -1.83678 0.5 4.085
-1.98238 -1.86857 0.5 3.58915
-1.97262 -1.90037 0.5 4.40248
-1.96287 -1.93216 0.5 7.25577
-1.95311 -1.96395 0.5 4.99708
-1.94336 -1.99575 0.5 8.77246
-1.9336 -2.02754 0.5 5.96966
-1.92385 -2.05933 0.5 8.68814
-1.9141 -2.09113 0.5 8.67798
-1.90434 -2.12292 0.5 7.71593
-1.89459 -2.15471 0.5 9.74756
-1.88483 -2.18651 0.5 8.4714
-1.87508 -2.2183 0.5 9.65652
-1.86532 -2.25009 0.5 11.051
-1.85557 -2.28189 0.5 12.9591
-1.84581 -2.31368 0.5 11.1311
-1.83606 -2.34547 0.5 13.3653
-1.8263 -2.37726 0.5 15.5445
-1.81655 -2.40906 0.5 11.8132
-1.80679 -2.44085 0.5 12.2024
-1.79704 -2.47264 0.5 14.422
-1.78728 -2.50444 0.5 20.8531
-1.77753 -2.53623 0.5 14.7774
-1.76777 -2.56802 0.5 20.4982
-1.75802 -2.59982 0.5 19.8002
-1.74826 -2.63161 0.5 18.2677
-1.73851 -2.6634 0.5 15.4032
-1.72876 -2.6952 0.5 23.4445
-1.719 -2.72699 0.5 16.7213
-1.70925 -2.75878 0.5 19.1746
-1.69949 -2.79058 0.5 23.1276
-1.68974 -2.82237 0.5 24.2805
-1.67998 -2.85416 0.5 21.5327
-1.67023 -2.88596 0.5 28.6263
-1.66047 -2.91775 0.5 25.6325
-1.65072 -2.94954 0.5 23.8845
-1.64096 -2.98134 0.5 29.9585
-1.63121 -3.01313 0.5 28.4246
-1.62145 -3.04492 0.5 22.3707
-1.6117 -3.07671 0.5 25.6831
-1.60194 -3.10851 0.5 32.8501
-1.59219 -3.1403 0.5 29.923
-1.58243 -3.17209 0.5 28.4668
-1.57268 -3.20389 0.5 24.9979
-1.56293 -3.23568 0.5 24.9846
-1.55317 -3.26747 0.5 26.0694
-1.54342 -3.29927 0.5 29.1785
-1.53366 -3.33106 0.5 32.8759
-1.52391 -3.36285 0.5 37.7689
-1.51415 -3.39465 0.5 31.6686
-1.5044 -3.42644 0.5 35.3168
-1.49464 -3.45823 0.5 29.8841
-1.48489 -3.49003 0.5 32.7876
-1.47513 -3.52182 0.5 41.1164
-1.46538 -3.55361 0.5 29.399
-1.45562 -3.58541 0.5 30.6579
-1.44587 -3.6172 0.5 34.3666
-1.43611 -3.64899 0.5 30.9755
-1.42636 -3.68079 0.5 30.3838
-1.4166 -3.71258 0.5 36.8333
-1.40685 -3.74437 0.5 36.44
-1.39709 -3.77616 0.5 40.5206
-1.38734 -3.80796 0.5 34.4555
-1.37759 -3.83975 0.5 44.4095
-1.36783 -3.87154 0.5 40.8094
-1.35808 -3.90334 0.5 46.0861
-1.34832 -3.93513 0.5 37.6865
-1.33857 -3.96692 0.5 40.5251
-1.32881 -3.99872 0.5 43.1118
-1.31906 -4.03051 0.5 41.2983
-1.3093 -4.0623 0.5 49.3067
-1.29955 -4.0941 0.5 43.0831
-1.28979 -4.12589 0.5 38.3806
-1.28004 -4.15768 0.5 42.8598
-1.27028 -4.18948 0.5 47.2573
-1.26053 -4.22127 0.5 41.2864
-1.25077 -4.25306 0.5 47.0426
-1.24102 -4.28486 0.5 40.144
-1.23126 -4.31665 0.5 53.0908
-1.22151 -4.34844 0.5 47.0249
-1.21176 -4.38024 0.5 48.4055
-1.202 -4.41203 0.5 49.2389
-1.19225 -4.44382 0.5 52.694
-1.18249 -4.47562 0.5 42.0578
-1.17274 -4.50741 0.5 49.6278
-1.16298 -4.5392 0.5 55.5348
-1.15323 -4.57099 0.5 45.4034
-1.14347 -4.60279 0.5 42.9539
-1.13372 -4.63458 0.5 43.4142
-1.12396 -4.66637 0.5 46.7643
-1.11421 -4.69817 0.5 50.9604
-1.10445 -4.72996 0.5 50.4976
-1.0947 -4.76175 0.5 58.5163
-1.08494 -4.79355 0.5 55.4735
-1.07519 -4.82534 0.5 49.5048
-1.06543 -4.85713 0.5 53.1863
-1.05568 -4.88893 0.5 54.8
-1.04592 -4.92072 0.5 55.4108
-1.03617 -4.95251 0.5 47.4523
-1.02642 -4.98431 0.5 50.6553
-1.01666 -5.0161 0.5 49.3047
-1.00691 -5.04789 0.5 47.816
-0.997151 -5.07969 0.5 59.8315
-0.987396 -5.11148 0.5 52.7056
-0.977642 -5.14327 0.5 55.1322
-0.967887 -5.17507 0.5 56.6638
-0.958132 -5.20686 0.5 58.048
3.92899 1.44515 0.5 -106.915
3.88022 1.42347 0.5 -102.306
3.83144 1.40179 0.5 -102.685
3.78267 1.38011 0.5 -101.309
3.7339 1.35844 0.5 -103.247
3.68512 1.33676 0.5 -103.257
3.63635 1.31508 0.5 -100.809
3.58757 1.2934 0.5 -100.941
3.5388 1.27173 0.5 -98.0804
3.49003 1.25005 0.5 -99.5135
3.44125 1.22837 0.5 -97.8966
3.39248 1.2067 0.5 -101.076
3.34371 1.18502 0.5 -97.5673
3.29493 1.16334 0.5 -99.2177
3.24616 1.14166 0.5 -96.7604
3.19739 1.11999 0.5 -97.5508
3.14861 1.09831 0.5 -97.0561
3.09984 1.07663 0.5 -95.5472
3.05106 1.05496 0.5 -94.4417
3.00229 1.03328 0.5 -93.4816
2.95352 1.0116 0.5 -93.9955
2.90474 0.989924 0.5 -92.9011
2.85597 0.968247 0.5 -91.5665
2.8072 0.94657 0.5 -91.2484
2.75842 0.924893 0.5 -90.4813
2.70965 0.903215 0.5 -89.7971
2.66088 0.881538 0.5 -88.8972
2.6121 0.859861 0.5 -88.5812
2.56333 0.838184 0.5 -87.3803
2.51455 0.816507 0.5 -87.4327
2.46578 0.794829 0.5 -86.0314
2.41701 0.773152 0.5 -85.4455
2.36823 0.751475 0.5 -84.8915
2.31946 0.729798 0.5 -82.5099
2.27069 0.708121 0.5 -82.3622
2.22191 0.686444 0.5 -80.2113
2.17314 0.664766 0.5 -81.225
2.12436 0.643089 0.5 -77.9586
2.07559 0.621412 0.5 -80.2059
2.02682 0.599735 0.5 -78.5299
1.97804 0.578058 0.5 -78.7631
1.92927 0.55638 0.5 -76.6436
1.8805 0.534703 0.5 -76.1823
1.83172 0.513026 0.5 -73.8967
1.78295 0.491349 0.5 -75.1183
1.73418 0.469672 0.5 -70.2179
1.6854 0.447995 0.5 -72.891
1.63663 0.426317 0.5 -73.8509
1.58785 0.40464 0.5 -71.0389
1.53908 0.382963 0.5 -65.9522
1.49031 0.361286 0.5 -68.5368
1.44153 0.339609 0.5 -69.4166
1.39276 0.317931 0.5 -65.9988
1.34399 0.296254 0.5 -63.9275
1.29521 0.274577 0.5 -59.8952
1.24644 0.2529 0.5 -57.0792
1.19766 0.231223 0.5 -59.7217
1.14889 0.209545 0.5 -60.6439
1.10012 0.187868 0.5 -65.4424
1.05134 0.166191 0.5 -62.8017
1.00257 0.144514 0.5 -56.8452
0.953797 0.122837 0.5 -56.4766
0.905023 0.101159 0.5 -54.8726
0.856249 0.0794823 0.5 -50.0442
0.807476 0.0578051 0.5 -57.2557
0.758702 0.0361279 0.5 -59.1972
0.709928 0.0144507 0.5 -49.1094
0.661155 -0.00722646 0.5 -48.1041
0.612381 -0.0289036 0.5 -43.0999
0.563607 -0.0505808 0.5 -42.3051
0.514834 -0.072258 0.5 -39.6233
0.46606 -0.0939352 0.5 -51.3421
0.417286 -0.115612 0.5 -47.4625
0.368513 -0.13729 0.5 -45.2207
0.319739 -0.158967 0.5 -39.7756
0.270965 -0.180644 0.5 -40.2068
0.222192 -0.202321 0.5 -46.6888
0.173418 -0.223998 0.5 -33.0079
0.124644 -0.245676 0.5 -35.5806
0.0758706 -0.267353 0.5 -38.3205
0.0270969 -0.28903 0.5 -33.4341
-0.0216768 -0.310707 0.5 -42.4375
-0.0704504 -0.332384 0.5 -32.6094
-0.119224 -0.354061 0.5 -39.1516
-0.167998 -0.375739 0.5 -31.5423
-0.216771 -0.397416 0.5 -33.003
-0.265545 -0.419093 0.5 -37.7611
-0.314319 -0.44077 0.5 -34.7044
-0.363092 -0.462447 0.5 -25.2906
-0.411866 -0.484125 0.5 -34.4548
-0.46064 -0.505802 0.5 -29.8475
-0.509413 -0.527479 0.5 -28.7881
-0.558187 -0.549156 0.5 -25.6155
-0.606961 -0.570833 0.5 -22.0994
-0.655734 -0.592511 0.5 -29.8881
-0.704508 -0.614188 0.5 -21.5181
-0.753282 -0.635865 0.5 -19.9695
-0.802055 -0.657542 0.5 -20.4507
-0.850829 -0.679219 0.5 -23.7687
-0.899603 -0.700897 0.5 -19.0171
-0.948376 -0.722574 0.5 -19.7101
-0.99715 -0.744251 0.5 -21.5595
-1.04592 -0.765928 0.5 -16.2475
-1.0947 -0.787605 0.5 -15.5913
-1.14347 -0.809282 0.5 -16.2137
-1.19224 -0.83096 0.5 -16.9804
-1.24102 -0.852637 0.5 -17.1285
-1.28979 -0.874314 0.5 -13.8063
-1.33857 -0.895991 0.5 -15.2297
-1.38734 -0.917668 0.5 -18.194
-1.43611 -0.939346 0.5 -16.4131
-1.48489 -0.961023 0.5 -15.7566
-1.53366 -0.9827 0.5 -15.4257
-1.58243 -1.00438 0.5 -10.4406
-1.63121 -1.02605 0.5 -12.748
-1.67998 -1.04773 0.5 -9.91298
-1.72876 -1.06941 0.5 -12.2492
-1.77753 -1.09109 0.5 -10.6887
-1.8263 -1.11276 0.5 -7.88778
-1.87508 -1.13444 0.5 -11.5588
-1.92385 -1.15612 0.5 -8.71134
-1.97262 -1.17779 0.5 -9.40224
-2.0214 -1.19947 0.5 -7.98921
-2.07017 -1.22115 0.5 -5.71605
-2.11894 -1.24283 0.5 -8.89289
